    20     50 
     2   220   284   278   215   719   540   717   830   371   165   861    62   523   658    74   728   489   259   602
   264     1     1    12   479     1   411   157     1   431     1   533     1   501     1   107   488   217   379   433   405   340     1   265   269     1   221   387     1   167   453   316     1     1     1    46     1    34     1   475   358     1     1     1   285     1     1     1     2   141
  65  37  17  60  30  43  21  18  47  23  78  96  48  39  70  83  29  91   9  78  30  66  28  33  92  12  44  76  42  73  96  11  52  27  13  34  50  72  98  66   5  89  25  21  57  39  86  23  47  15
  13  99  92  15  17  48  55  46  38   8  79  33  91  40  22  33  61  48  54  47  57  27  66  17  73  94  51  83  66  78  93  35  90  12  48  89   6  28  27  37   8  83  80  15  79  13  98  10  22  53
  10  86  64  19   3  16  12  82  59  10  22  43  11  46  82  18  12  72  70  68  50  86  70  70  70  70  27  50  46  92  16   6  76  36   5  13  26  78  90  54   2  84  78  63  82  22  94  25  88  75
   6  16   5  74  13  37  62  81  21  24  68  92  33  62   5  70  79  33  87  73  27  79  88   3  76  41  35  12  98  42  72  38  18  71  15  58  84  59  62  56  57  61  10  99  28  86  35  94   4  56
  80  49   7  35  20  86  75  27  31  47  33  82  50  25  30  89  42  74   3  11  67  31  54  42  57  82  20  42  98  38   9  15  37  29  77  96  88  87  46  30  79  33  98  63  98  34  83  77  90  38
  48  72  63  71  40  99  36  87  95  95  17  61  42  90  32  18  54  47  75  83  77   8  24  57  66   2  84  86  31  95   5  41  69  26  28  68  63  20  13  40   7  19   4  51  66  22  79  96  16  69
  53  81  75  74  53  82  69  23  65  36  44  56  68  54  78  58  29  45  83  42  94  41  69  86  60  23  59  98  35  26  11  52  86  17  57  93  94  49   7  49  90  60  10  27   8  27  55  56  26  49
  80  58  31  73  67  74  82  21  16  62  93  42  49  83  28  52  60  86  17  78  44  12  98  68  29  27  88  84  43  14  66  58  45  14  10  93  47  63  53  16  45  11  92  62   8  59  22  80  34  24
  28  69  14  42  20  94  18  30  18  34  52  25  91  78  88   8  60  41  25  37  48  10  72  92   8  79  31  74   4  20  46  31  79  95  12  73  73   5  12  60  42  56  59  88  31  43  34  91  53  29
  77  80  33  28  38  11  57  66  25  29   1  18  78  86  59  13   1  46  71  90  58  97  50  15   4   5   7  13  21  70  97  52  52  84  63  29  99  20  98  74  65  27  27  51  29  21  99  53   8  98
  15  70  22  75  70  47  93  78  30  78   7   1  46  80  59  42  86  95  29  30  33  30  92  72  91  22  11  19  72  27  27  77  96  95  81  76  71  72   2  17   4  57  61  95  89  65  74  47  40  40
  13   2  96  41  10  76  90  64  53  19  88  22  18  29  98  40  34  41  62  84  65  32  20  95  72  17  60  33  40   1  52   5  55  50  72  92  88  49  14  36   2  12   2   7   5   4  94  10  89  61
  95  58  87  36  63  67  41  84  33  89  64   5  42  57  74  45  79  46  66   8  39  28  16  40   6  25  77  56  49  37  76  79  61  46  40  47   7  75  87  67  20  19  20  63  18  93   7   6  79  43
  45  70  37  53  72   2  33   1  93  42  16  83  35  94  90  76  55  85  17  50  45  89  75  83  46  84  81  40   1   7  75   3  91  57  66  59  61  47  59  33  74  21  41  37  25  58  56  58  36  72
  47  49  62  27  94  24  46  81  22  49  23  76   8  23  41  95  78  17  91  78  99   3   7  57  60  15  19  73  71  78  46  36  46  59   5  10  14  56  92  67  21   2  54  95  62  77  90  11  16  28
  85  53  10  67  44  16   1  63   7  97  88   1  20   5  48  95  53  22   8  79  19  60  50   7  93  96  60  21   6  35   9  20  81  79  86  61   4  67  79  54  92  41   3  67  53  12  81   2   5  97
  94  66  28  80  73   4  51  67  68  84  17   2  81  51  34  22  67  98  71  82   4  90  97  67  49  98  10  92  65  47  69  28  32  70  85  53  42  55  56  47  90  78  20  49  46   5  12  93  29  70
  96  38  72   1  58  92   3  94  19  85   7  33  76  54  17  23  25   6   1  57  54  29  73  89  76  18   8  96   2  66  89  48  94  12  73  44  26  86  79  32  73  33   5  84  67  71  87  31  45  66
  84  31   3  60   2  84  13  49  59  66   4  60  10  78  46  86  88   4  68  73  35  64  34  79  50  58   3  30  25  83   9  69  17  26  77  39   4   7  24  91  87  83  35  51  88  88  98  46  86  96
  67  27  68  26  27  74  24  37  56  29  48  45  46  51  15  20  70  19  46  79  65  94  68  46  27  66  65  80  63  79  30  63  23  76  17  29  43  67  96  33  19  25  18  58  52  52  84  20  86   4