    30    100 
     2   220   284   278   215   719   540   717   830   371   165   861    62   523   658    74   728   489   259   602   685   391    36   433   900    53   832   577   212   851
     1   495     1   463     1    69   450   179   341   395   367   302     1   227   231     1   183   349     1   129   415   278     1     1     1     8     1     1     1   437   320     1     1     1   247     1     1     1     1   103   194     1     1   139     1     1     1     1    13     1   321   505    26     1   244   370     1   451     1   320     1   206     1     1   463     1     1   301     1   273   509     1    59     1     1     1    46   268   531   201     1   437     1     1   110     1   404     1    13     1     1   541   463     1     1    24    89     8     1     1
  79  33  91  40  22  33  61  48  54  47  57  27  66  17  73  94  51  83  66  78  93  35  90  12  48  89   6  28  27  37   8  83  80  15  79  13  98  10  22  53  10  86  64  19   3  16  12  82  59  10  22  43  11  46  82  18  12  72  70  68  50  86  70  70  70  70  27  50  46  92  16   6  76  36   5  13  26  78  90  54   2  84  78  63  82  22  94  25  88  75   6  16   5  74  13  37  62  81  21  24
  68  92  33  62   5  70  79  33  87  73  27  79  88   3  76  41  35  12  98  42  72  38  18  71  15  58  84  59  62  56  57  61  10  99  28  86  35  94   4  56  80  49   7  35  20  86  75  27  31  47  33  82  50  25  30  89  42  74   3  11  67  31  54  42  57  82  20  42  98  38   9  15  37  29  77  96  88  87  46  30  79  33  98  63  98  34  83  77  90  38  48  72  63  71  40  99  36  87  95  95
  17  61  42  90  32  18  54  47  75  83  77   8  24  57  66   2  84  86  31  95   5  41  69  26  28  68  63  20  13  40   7  19   4  51  66  22  79  96  16  69  53  81  75  74  53  82  69  23  65  36  44  56  68  54  78  58  29  45  83  42  94  41  69  86  60  23  59  98  35  26  11  52  86  17  57  93  94  49   7  49  90  60  10  27   8  27  55  56  26  49  80  58  31  73  67  74  82  21  16  62
  93  42  49  83  28  52  60  86  17  78  44  12  98  68  29  27  88  84  43  14  66  58  45  14  10  93  47  63  53  16  45  11  92  62   8  59  22  80  34  24  28  69  14  42  20  94  18  30  18  34  52  25  91  78  88   8  60  41  25  37  48  10  72  92   8  79  31  74   4  20  46  31  79  95  12  73  73   5  12  60  42  56  59  88  31  43  34  91  53  29  77  80  33  28  38  11  57  66  25  29
   1  18  78  86  59  13   1  46  71  90  58  97  50  15   4   5   7  13  21  70  97  52  52  84  63  29  99  20  98  74  65  27  27  51  29  21  99  53   8  98  15  70  22  75  70  47  93  78  30  78   7   1  46  80  59  42  86  95  29  30  33  30  92  72  91  22  11  19  72  27  27  77  96  95  81  76  71  72   2  17   4  57  61  95  89  65  74  47  40  40  13   2  96  41  10  76  90  64  53  19
  88  22  18  29  98  40  34  41  62  84  65  32  20  95  72  17  60  33  40   1  52   5  55  50  72  92  88  49  14  36   2  12   2   7   5   4  94  10  89  61  95  58  87  36  63  67  41  84  33  89  64   5  42  57  74  45  79  46  66   8  39  28  16  40   6  25  77  56  49  37  76  79  61  46  40  47   7  75  87  67  20  19  20  63  18  93   7   6  79  43  45  70  37  53  72   2  33   1  93  42
  16  83  35  94  90  76  55  85  17  50  45  89  75  83  46  84  81  40   1   7  75   3  91  57  66  59  61  47  59  33  74  21  41  37  25  58  56  58  36  72  47  49  62  27  94  24  46  81  22  49  23  76   8  23  41  95  78  17  91  78  99   3   7  57  60  15  19  73  71  78  46  36  46  59   5  10  14  56  92  67  21   2  54  95  62  77  90  11  16  28  85  53  10  67  44  16   1  63   7  97
  88   1  20   5  48  95  53  22   8  79  19  60  50   7  93  96  60  21   6  35   9  20  81  79  86  61   4  67  79  54  92  41   3  67  53  12  81   2   5  97  94  66  28  80  73   4  51  67  68  84  17   2  81  51  34  22  67  98  71  82   4  90  97  67  49  98  10  92  65  47  69  28  32  70  85  53  42  55  56  47  90  78  20  49  46   5  12  93  29  70  96  38  72   1  58  92   3  94  19  85
   7  33  76  54  17  23  25   6   1  57  54  29  73  89  76  18   8  96   2  66  89  48  94  12  73  44  26  86  79  32  73  33   5  84  67  71  87  31  45  66  84  31   3  60   2  84  13  49  59  66   4  60  10  78  46  86  88   4  68  73  35  64  34  79  50  58   3  30  25  83   9  69  17  26  77  39   4   7  24  91  87  83  35  51  88  88  98  46  86  96  67  27  68  26  27  74  24  37  56  29
  48  45  46  51  15  20  70  19  46  79  65  94  68  46  27  66  65  80  63  79  30  63  23  76  17  29  43  67  96  33  19  25  18  58  52  52  84  20  86   4  39   3  63  11  66  79  29  88  22  39  19  77  68  73  49   6  59  60  39  14  29  86  94  25  35  45  87  14  22  60  48  54  29  53   7  96  40  38   3  51  79  24  10  33  45  27  76  49  14  89  37  72  74  64   5  91  42   6  78  82
  15   2  94  81   7  90  51  11  37   4  29  43  99  72  43  45  93  50  48  94  41  61  27   1  76  63  88  37  21  17  18   7  42  37  77  49   3  47  17  15  95  85   1   4  86   4  95  14  36  96  28  84  41  98  59  65  67   7  96  30  94  34  62  40  72  84  66  77  86  36  90  74  44  22  30  27  81  10   7  43  86  49  90  13  55   6  56  32  72  47  96  90  28  92  36  36  64  89  45  37
  69  49  25  59   3  80  42  61  71  66  83  39  51  19  30  27  65  61   2  71   6  66  74  91  23   3  27  53  68  28  16  51   5  54  38  40  81  55  78   5  77  23  96  13  24  46  53  29  92  23  46  56  73  70  28  60  27  56  89  53  25   4  92  97  84  99  13  91  80  67  97  13  68   9  83  75  91  95  85  72   2  27   7  62  70  97  73  76  24  21  45   2  66  46   7   8  42  11  97  90
  91  69  70  90  47  31  47  44  30  64  63  64  94  88  64  69  85  13  40  74  40  42  78  64  13  16   7  65  50  90   8  21  97  40  86  96  62  76  56  38   7  75  44  64  16   1  66  60  94   8  75  37  44  45  41  14  78  99  55   7  25  20  24  63  71  84  50  46  99   8  45  80  80  80  97  87  50  32  27  21  66   5  41   7  41  34  50  24  65  13  29  21  20  60  91   8  74  39  80   3
  87  66  14  94  97  57  10  98  24  33  24  40  58  52  14  74  80  87  88  70  67   1  23  53  32  47  23  43  62  67  14  85  94  73  28  12  99  16  82  19   3  30   2   9  21  28  88  84  50  65   5  34  69  33  47  97  96  98  93  62  78  60  99  67  29  25  18  62  15  91  33  20  92  28  70  23  93  36  72  37  80   4  11  98  47  11  27   5  92   8  48  64  58  36   6  72  41  98  80  81
  64  47  94  28  41  10   6  80   7  12  90  83  41  20  88  50  64  61   2  77  35  46  93  46  29  44  15  79  21  48  78   7  57  76  17  22  36  37  49  81  81  15  82  29  42   5  82  78  78  42  29  70  83  66   6  13   5  60  24  21  99   6  39  79  97  98  61  34   7  49   7  33  30  37   5  30  35  31   3  76  36  37  80  91  37  93  22  68  94  86  46  79  48  82  57  45  76  62  11  50
  21  63  52  40  54  95  29  98  12  48  26  39  75  57  45   5  34  37  49  24  95  56  11  92  79  66  90  49  76  44  59   8  90  75  23  15  47  35  40  99   4  83  94  65  24  45  24  24  56  80  58  90  95  29  63  53  45  24  64  43  71  48  18  98  63  59  23  71  92  32  43  49  85  44  16  59  99  67  38  17  23  86  84  83  73  93  64   4  40   1  69  80  26   8  15  68  33  66  21  25
  64  86  54  18  70  12  63  24  14  23  21   6  95  96  31  22  98  65  88  41  96  19  62  18  93  83  90  13  29  27  52  96  28  31   9  30  12  49  75  68  65  35  24  64  77  29  66  27  33  89  29  15  90  79  64  16  20  64   5  85  25  50  18   9  38  22  55  61   6  97  57   4  45  57  11  19  10  81  23  23  25  39  91  30  37  63  61  37  41  67  30  87  34  20  83  89  42  48  58  43
  86  74  77  45  34  71  65  52  76  30  99  38  18  14   1  42  91  26   9  46  84  38  55  78   8   3  80  67  75  22   1  56  32  75  74  10   5  86  82  96   1  26  61   4  43  42  92  60  50   4  24  15  66  50  86  67  43  40   8  73  66  88  76  38  58  77  47  19  19  39  77  40  48   4  38  54  23  82  24  47  51  10  90  15  95   4  45  18  72  53  28  45  32  17  98  77  22  30  64  96
  30  95  76  21  23  70  27  26  70  19  63  19  72  37  59  21  68  30  64  46  72  40  69  21  81   8  94  18  23  66  57  69  81  49  24  33  71  16  88  60  90  64  95  44  31  54  45  11  76  85  98  23  59  78  27  42  15  87   7  52  97  94  25  67   9  22  79  23  78   5  50  98  77  61  22  45  86   9  29  69  98  57  14  70  88  23  60  54  21  13  95  32  28   2  31  24  37  64  19  90
  73  80   5  90  16  78  60  96  38  28  58  78   4  58  94  63  58   6  94   6  79  65  35  56  31  52   6  76  79  53  33  86  22  67  11  83  82  14  41  27  28  15  45  27  55  31  37  33   7  40  21  47  63  58  14  81  69  90  43  63  45  96  28  18  33  64  91  31  43  92  14  17  34  53  67   7   3  45  58  59  12  14  97  34  34  30  39  15  44  38   5  29  30  26  26  42  55  50  38  89
  55  68  40   3  80   3  68  12  89   1  85  79  92  94  46  23  43  49  31  18  96  93  17  17  21   7  64  73  78  81   5  17  65  24   2  70  28   3  58  39  48  22  67  80  10  28  54  74  33  13  28   5   9  35  70  77  96  27  96  74  33  92  12  77  13  69  90  61  79  68  10  89   3  65  62   5  62  39  77  52  39  43  81  42   5  18  25  62  26   8  91  63  89  96  47  34  27  42  19  69
  79  95  66  67  65  13  47  46  93  28  33  25  84  93  60  51  47  76   2  27  68  93  35  13  58  85  63  57  26   9  12  41  10  58  31  77  43  75  17  53  82  75   6  60  84  44  47   5  41  23  91  30  73  61  26  46  91  26  76  18  22  64  12  77  97   5  77  31  29  91  76  26  53  40  48  33  44   4  42  30  31  47  48  31  81  12  80  41  83  67  70  89  14  30  75  31   6  67  42  41
  12  29  52  19  67  58  76  19  59   9  61   8   4  18  90  97  25  78  30  28  66  33  95  52  93  58  75   9  42  51  29  24  65  83  81  40  30  43  70  96  18  24  34  68  83  80   7  94  25  20  21  91  13  29  65  86  43  28   1  69  51  43   5  97  58  77  20  48  83  87  78  50  96  42   7   1  38  60  46  94  94  23  18  67  39  34  59  74  36  44  55  26  22   6   6  86  49  62  38  58
  15  63  15  64  63  83  42  42  75  60  27  71  36   3  97  46  99  10  25   6  35  43  59  43  81  81  31  14  84  18  22  35  47  18  57  28  76  99  17  84  43  60  31   2  44   5  55  70  89  93  74  69  93  88  47  42  98  89  45  10   5  52  73  99  48  78  50  33  86  65  25  75  30  21   8  65   3  99  99  37  46   2  82  58  57  70  71  93  80  29  80   7  39   1  11  24  24  50   4  75
  31  87  74  12  65  76  69  46  86  86  55  94  46  27  93  71  61  10  96  22  79  74  33  37   8  28  65  34  22  16  92  52  43  98  89  46  18  44  96  31  62  95  64  46   8  42  16   6  30  52   7   7  84  81  64  41  23  26  86  10  29  37  59  64  42  61  12  82   1  17  34   8  85  81  82  47  87  98  23  66  80  75  98  78  26  81   5  59  84  14  38  82  75  54  11  18  40  65  96  79
  63  66  92  71   3  28  82   6  85  24  54  57  21  82  86  22  75  85  45  35  85  42   2  37  29  82  19  19  40  27  14  48  96  41  49  16  52  49  52  85  41  24  17  89  47   6  99  74  46  82  47  17   9  85  71  13  99  20  21  78  34  94  51  52  36  69  45  42  61  84  93  99  34  84  79  74  49   4  81  28  89  38  33  55  28  49  58   1  39  38  23  10   7  40  12   9  52  57  88  50
  50   4  26  16  85  68  80  27   5  66  93  25  99  97  95   4   7  65  89  46  37  90  91  32  32  67  14  89  59  88  53  45  26   2  85  57  56  16  21  65  84  10  12  62  11  83  89  18  99  95   8  46  25   7  64  62  74   6  89  16  12  24  76  37  90   6  21  97  49  46  68  13  47  77  27  91  97  98  37  59  52  29  71  51  76  94  39  26  89  15  90  66   5   6  63  37  35  66  98  63
   6  56  57  92  44  42  48  15  74  21  25  89   2  82  52  66   4  40  84  48  24  80  80  70  73  51  84  59  39  66  99  36  11  23  85  34  18   6  95  89  98   7   8  75  72   1  42  49  59   9  32  59  13  17  40  11  94  57  75  21  75  16  22  49  86  97  19  66  99  95  10  24  65  93   2  86  82  57  43   8  39  42  78  90  85  68  66  24  84  96  38  43   6  50  77  89  97  13  87  24
  12  70  45  80  12  94  92  94  41  54  78   8  77  60  86  78  59   6  70  97   2  24  39  50  84  36  94  96  50  78  86  45  67  14  69  76  17  99  30  76  45  21  82  64  49  64  85  61  43  27  80  76  42  70  11  68  54  66  18  64  88  82  78  69  71  39  69  79  97  81  29   9  83  16   8  48  70  28  70  81  35  60  40  54  46  42  51  29  50  64   7  38   1  89  89  41  18  87  46  13
  14  85  71  74  37  23  22  81  98   9   1  84  26  61   7  79  93  29  25  65  97  78  35  18  13  45  14   6  92  30  16  49  64  39   3  58  75  57   8  40  30  39   2  18  95  13  56  54   3  94  61  13  12  87  95  56  91  71   8  14  70  62  11  20  90  47  36  48  59  61  63  53   3  29  64  33  17  26  77  33  35  83  55  12  98  97  93  58  47  67  97  18  18  11  79   4  73  90  50  36