    50    100 
     2   220   284   278   215   719   540   717   830   371   165   861    62   523   658    74   728   489   259   602   685   391    36   433   900    53   832   577   212   851   350   953   301   921   140   527   908   637   799   853   825   760   145   685   689   171   641   807   124   587
   620   483     1     1    93   213     1   201   125   642   525   162   135     1   452     1    89     1   169   308   399   120     1   344    47   179     1     1   218     1   526   710   231   139   449   575    31   656     1   525    45   411    24    77   668     1   185   506   164   478   714     1   264    20     1    86   251   473   736   406     1   642     1     1   314   137   608     1   217     1     1   746   668     1     1   229   294   213   129     1   540    74   662   149     1    77   362   225   289   222   319    17   408     1   485   693   254   576   413   529
  93  35  90  12  48  89   6  28  27  37   8  83  80  15  79  13  98  10  22  53  10  86  64  19   3  16  12  82  59  10  22  43  11  46  82  18  12  72  70  68  50  86  70  70  70  70  27  50  46  92  16   6  76  36   5  13  26  78  90  54   2  84  78  63  82  22  94  25  88  75   6  16   5  74  13  37  62  81  21  24  68  92  33  62   5  70  79  33  87  73  27  79  88   3  76  41  35  12  98  42
  72  38  18  71  15  58  84  59  62  56  57  61  10  99  28  86  35  94   4  56  80  49   7  35  20  86  75  27  31  47  33  82  50  25  30  89  42  74   3  11  67  31  54  42  57  82  20  42  98  38   9  15  37  29  77  96  88  87  46  30  79  33  98  63  98  34  83  77  90  38  48  72  63  71  40  99  36  87  95  95  17  61  42  90  32  18  54  47  75  83  77   8  24  57  66   2  84  86  31  95
   5  41  69  26  28  68  63  20  13  40   7  19   4  51  66  22  79  96  16  69  53  81  75  74  53  82  69  23  65  36  44  56  68  54  78  58  29  45  83  42  94  41  69  86  60  23  59  98  35  26  11  52  86  17  57  93  94  49   7  49  90  60  10  27   8  27  55  56  26  49  80  58  31  73  67  74  82  21  16  62  93  42  49  83  28  52  60  86  17  78  44  12  98  68  29  27  88  84  43  14
  66  58  45  14  10  93  47  63  53  16  45  11  92  62   8  59  22  80  34  24  28  69  14  42  20  94  18  30  18  34  52  25  91  78  88   8  60  41  25  37  48  10  72  92   8  79  31  74   4  20  46  31  79  95  12  73  73   5  12  60  42  56  59  88  31  43  34  91  53  29  77  80  33  28  38  11  57  66  25  29   1  18  78  86  59  13   1  46  71  90  58  97  50  15   4   5   7  13  21  70
  97  52  52  84  63  29  99  20  98  74  65  27  27  51  29  21  99  53   8  98  15  70  22  75  70  47  93  78  30  78   7   1  46  80  59  42  86  95  29  30  33  30  92  72  91  22  11  19  72  27  27  77  96  95  81  76  71  72   2  17   4  57  61  95  89  65  74  47  40  40  13   2  96  41  10  76  90  64  53  19  88  22  18  29  98  40  34  41  62  84  65  32  20  95  72  17  60  33  40   1
  52   5  55  50  72  92  88  49  14  36   2  12   2   7   5   4  94  10  89  61  95  58  87  36  63  67  41  84  33  89  64   5  42  57  74  45  79  46  66   8  39  28  16  40   6  25  77  56  49  37  76  79  61  46  40  47   7  75  87  67  20  19  20  63  18  93   7   6  79  43  45  70  37  53  72   2  33   1  93  42  16  83  35  94  90  76  55  85  17  50  45  89  75  83  46  84  81  40   1   7
  75   3  91  57  66  59  61  47  59  33  74  21  41  37  25  58  56  58  36  72  47  49  62  27  94  24  46  81  22  49  23  76   8  23  41  95  78  17  91  78  99   3   7  57  60  15  19  73  71  78  46  36  46  59   5  10  14  56  92  67  21   2  54  95  62  77  90  11  16  28  85  53  10  67  44  16   1  63   7  97  88   1  20   5  48  95  53  22   8  79  19  60  50   7  93  96  60  21   6  35
   9  20  81  79  86  61   4  67  79  54  92  41   3  67  53  12  81   2   5  97  94  66  28  80  73   4  51  67  68  84  17   2  81  51  34  22  67  98  71  82   4  90  97  67  49  98  10  92  65  47  69  28  32  70  85  53  42  55  56  47  90  78  20  49  46   5  12  93  29  70  96  38  72   1  58  92   3  94  19  85   7  33  76  54  17  23  25   6   1  57  54  29  73  89  76  18   8  96   2  66
  89  48  94  12  73  44  26  86  79  32  73  33   5  84  67  71  87  31  45  66  84  31   3  60   2  84  13  49  59  66   4  60  10  78  46  86  88   4  68  73  35  64  34  79  50  58   3  30  25  83   9  69  17  26  77  39   4   7  24  91  87  83  35  51  88  88  98  46  86  96  67  27  68  26  27  74  24  37  56  29  48  45  46  51  15  20  70  19  46  79  65  94  68  46  27  66  65  80  63  79
  30  63  23  76  17  29  43  67  96  33  19  25  18  58  52  52  84  20  86   4  39   3  63  11  66  79  29  88  22  39  19  77  68  73  49   6  59  60  39  14  29  86  94  25  35  45  87  14  22  60  48  54  29  53   7  96  40  38   3  51  79  24  10  33  45  27  76  49  14  89  37  72  74  64   5  91  42   6  78  82  15   2  94  81   7  90  51  11  37   4  29  43  99  72  43  45  93  50  48  94
  41  61  27   1  76  63  88  37  21  17  18   7  42  37  77  49   3  47  17  15  95  85   1   4  86   4  95  14  36  96  28  84  41  98  59  65  67   7  96  30  94  34  62  40  72  84  66  77  86  36  90  74  44  22  30  27  81  10   7  43  86  49  90  13  55   6  56  32  72  47  96  90  28  92  36  36  64  89  45  37  69  49  25  59   3  80  42  61  71  66  83  39  51  19  30  27  65  61   2  71
   6  66  74  91  23   3  27  53  68  28  16  51   5  54  38  40  81  55  78   5  77  23  96  13  24  46  53  29  92  23  46  56  73  70  28  60  27  56  89  53  25   4  92  97  84  99  13  91  80  67  97  13  68   9  83  75  91  95  85  72   2  27   7  62  70  97  73  76  24  21  45   2  66  46   7   8  42  11  97  90  91  69  70  90  47  31  47  44  30  64  63  64  94  88  64  69  85  13  40  74
  40  42  78  64  13  16   7  65  50  90   8  21  97  40  86  96  62  76  56  38   7  75  44  64  16   1  66  60  94   8  75  37  44  45  41  14  78  99  55   7  25  20  24  63  71  84  50  46  99   8  45  80  80  80  97  87  50  32  27  21  66   5  41   7  41  34  50  24  65  13  29  21  20  60  91   8  74  39  80   3  87  66  14  94  97  57  10  98  24  33  24  40  58  52  14  74  80  87  88  70
  67   1  23  53  32  47  23  43  62  67  14  85  94  73  28  12  99  16  82  19   3  30   2   9  21  28  88  84  50  65   5  34  69  33  47  97  96  98  93  62  78  60  99  67  29  25  18  62  15  91  33  20  92  28  70  23  93  36  72  37  80   4  11  98  47  11  27   5  92   8  48  64  58  36   6  72  41  98  80  81  64  47  94  28  41  10   6  80   7  12  90  83  41  20  88  50  64  61   2  77
  35  46  93  46  29  44  15  79  21  48  78   7  57  76  17  22  36  37  49  81  81  15  82  29  42   5  82  78  78  42  29  70  83  66   6  13   5  60  24  21  99   6  39  79  97  98  61  34   7  49   7  33  30  37   5  30  35  31   3  76  36  37  80  91  37  93  22  68  94  86  46  79  48  82  57  45  76  62  11  50  21  63  52  40  54  95  29  98  12  48  26  39  75  57  45   5  34  37  49  24
  95  56  11  92  79  66  90  49  76  44  59   8  90  75  23  15  47  35  40  99   4  83  94  65  24  45  24  24  56  80  58  90  95  29  63  53  45  24  64  43  71  48  18  98  63  59  23  71  92  32  43  49  85  44  16  59  99  67  38  17  23  86  84  83  73  93  64   4  40   1  69  80  26   8  15  68  33  66  21  25  64  86  54  18  70  12  63  24  14  23  21   6  95  96  31  22  98  65  88  41
  96  19  62  18  93  83  90  13  29  27  52  96  28  31   9  30  12  49  75  68  65  35  24  64  77  29  66  27  33  89  29  15  90  79  64  16  20  64   5  85  25  50  18   9  38  22  55  61   6  97  57   4  45  57  11  19  10  81  23  23  25  39  91  30  37  63  61  37  41  67  30  87  34  20  83  89  42  48  58  43  86  74  77  45  34  71  65  52  76  30  99  38  18  14   1  42  91  26   9  46
  84  38  55  78   8   3  80  67  75  22   1  56  32  75  74  10   5  86  82  96   1  26  61   4  43  42  92  60  50   4  24  15  66  50  86  67  43  40   8  73  66  88  76  38  58  77  47  19  19  39  77  40  48   4  38  54  23  82  24  47  51  10  90  15  95   4  45  18  72  53  28  45  32  17  98  77  22  30  64  96  30  95  76  21  23  70  27  26  70  19  63  19  72  37  59  21  68  30  64  46
  72  40  69  21  81   8  94  18  23  66  57  69  81  49  24  33  71  16  88  60  90  64  95  44  31  54  45  11  76  85  98  23  59  78  27  42  15  87   7  52  97  94  25  67   9  22  79  23  78   5  50  98  77  61  22  45  86   9  29  69  98  57  14  70  88  23  60  54  21  13  95  32  28   2  31  24  37  64  19  90  73  80   5  90  16  78  60  96  38  28  58  78   4  58  94  63  58   6  94   6
  79  65  35  56  31  52   6  76  79  53  33  86  22  67  11  83  82  14  41  27  28  15  45  27  55  31  37  33   7  40  21  47  63  58  14  81  69  90  43  63  45  96  28  18  33  64  91  31  43  92  14  17  34  53  67   7   3  45  58  59  12  14  97  34  34  30  39  15  44  38   5  29  30  26  26  42  55  50  38  89  55  68  40   3  80   3  68  12  89   1  85  79  92  94  46  23  43  49  31  18
  96  93  17  17  21   7  64  73  78  81   5  17  65  24   2  70  28   3  58  39  48  22  67  80  10  28  54  74  33  13  28   5   9  35  70  77  96  27  96  74  33  92  12  77  13  69  90  61  79  68  10  89   3  65  62   5  62  39  77  52  39  43  81  42   5  18  25  62  26   8  91  63  89  96  47  34  27  42  19  69  79  95  66  67  65  13  47  46  93  28  33  25  84  93  60  51  47  76   2  27
  68  93  35  13  58  85  63  57  26   9  12  41  10  58  31  77  43  75  17  53  82  75   6  60  84  44  47   5  41  23  91  30  73  61  26  46  91  26  76  18  22  64  12  77  97   5  77  31  29  91  76  26  53  40  48  33  44   4  42  30  31  47  48  31  81  12  80  41  83  67  70  89  14  30  75  31   6  67  42  41  12  29  52  19  67  58  76  19  59   9  61   8   4  18  90  97  25  78  30  28
  66  33  95  52  93  58  75   9  42  51  29  24  65  83  81  40  30  43  70  96  18  24  34  68  83  80   7  94  25  20  21  91  13  29  65  86  43  28   1  69  51  43   5  97  58  77  20  48  83  87  78  50  96  42   7   1  38  60  46  94  94  23  18  67  39  34  59  74  36  44  55  26  22   6   6  86  49  62  38  58  15  63  15  64  63  83  42  42  75  60  27  71  36   3  97  46  99  10  25   6
  35  43  59  43  81  81  31  14  84  18  22  35  47  18  57  28  76  99  17  84  43  60  31   2  44   5  55  70  89  93  74  69  93  88  47  42  98  89  45  10   5  52  73  99  48  78  50  33  86  65  25  75  30  21   8  65   3  99  99  37  46   2  82  58  57  70  71  93  80  29  80   7  39   1  11  24  24  50   4  75  31  87  74  12  65  76  69  46  86  86  55  94  46  27  93  71  61  10  96  22
  79  74  33  37   8  28  65  34  22  16  92  52  43  98  89  46  18  44  96  31  62  95  64  46   8  42  16   6  30  52   7   7  84  81  64  41  23  26  86  10  29  37  59  64  42  61  12  82   1  17  34   8  85  81  82  47  87  98  23  66  80  75  98  78  26  81   5  59  84  14  38  82  75  54  11  18  40  65  96  79  63  66  92  71   3  28  82   6  85  24  54  57  21  82  86  22  75  85  45  35
  85  42   2  37  29  82  19  19  40  27  14  48  96  41  49  16  52  49  52  85  41  24  17  89  47   6  99  74  46  82  47  17   9  85  71  13  99  20  21  78  34  94  51  52  36  69  45  42  61  84  93  99  34  84  79  74  49   4  81  28  89  38  33  55  28  49  58   1  39  38  23  10   7  40  12   9  52  57  88  50  50   4  26  16  85  68  80  27   5  66  93  25  99  97  95   4   7  65  89  46
  37  90  91  32  32  67  14  89  59  88  53  45  26   2  85  57  56  16  21  65  84  10  12  62  11  83  89  18  99  95   8  46  25   7  64  62  74   6  89  16  12  24  76  37  90   6  21  97  49  46  68  13  47  77  27  91  97  98  37  59  52  29  71  51  76  94  39  26  89  15  90  66   5   6  63  37  35  66  98  63   6  56  57  92  44  42  48  15  74  21  25  89   2  82  52  66   4  40  84  48
  24  80  80  70  73  51  84  59  39  66  99  36  11  23  85  34  18   6  95  89  98   7   8  75  72   1  42  49  59   9  32  59  13  17  40  11  94  57  75  21  75  16  22  49  86  97  19  66  99  95  10  24  65  93   2  86  82  57  43   8  39  42  78  90  85  68  66  24  84  96  38  43   6  50  77  89  97  13  87  24  12  70  45  80  12  94  92  94  41  54  78   8  77  60  86  78  59   6  70  97
   2  24  39  50  84  36  94  96  50  78  86  45  67  14  69  76  17  99  30  76  45  21  82  64  49  64  85  61  43  27  80  76  42  70  11  68  54  66  18  64  88  82  78  69  71  39  69  79  97  81  29   9  83  16   8  48  70  28  70  81  35  60  40  54  46  42  51  29  50  64   7  38   1  89  89  41  18  87  46  13  14  85  71  74  37  23  22  81  98   9   1  84  26  61   7  79  93  29  25  65
  97  78  35  18  13  45  14   6  92  30  16  49  64  39   3  58  75  57   8  40  30  39   2  18  95  13  56  54   3  94  61  13  12  87  95  56  91  71   8  14  70  62  11  20  90  47  36  48  59  61  63  53   3  29  64  33  17  26  77  33  35  83  55  12  98  97  93  58  47  67  97  18  18  11  79   4  73  90  50  36  42   5   4   3  96  70  46  83  49  42  77  25  91  16  67   5  54  43  52  82
  27  13  71  74  92  30  84  37  33  30  86  15  63  86  58  24  29  28  70  28  46  29  76  89  14  90  25  37  68  86   8  42  21  63  85  41  41   1   5   6  33   5  56  82  57  33  72   6  60  49  23  27  51  80  11  42  84  87  20  59  18  18  15  99  59  55  60  81   4  34  36  52  74  31  33  39  48  97   8  88  91  57  59  44  96  23  35  50  27  61   9  21  71  56  42  75  12  98  81  61
   8  67  88  69   3   4  58  89  48  64  41  68  63  54  98  46   8   8  16  32   6  46  15  79  88  48  73  40  91  87   4  47  72  68  87   5  99  96  38  39  63  44  65  92  57  19  26   4  98  16  37  63  23  53  28  91  20  68  10  18  49  88  42  13  10  29  75  58  92  60  42  98  89  75  86  62  95  12  90  89  75  55  99  70  25  73   3  21   5  21  67  86  77  50  81  31  19  74   9  82
  44  23  11  81  11  26  31  30  41  67  10  79  34  63  17  33  96  74  58  29  75  36  76  75  10  96  70  81  92  54  61  84  62  93  44   2   5  89  36   5  97   1  66  53  61   3  20  83  65   4  81  86  54  73  85  69  20  33  24  44  12  47  21  24  91  56  13  81  39  91  57  46  10   4   7  94  34  69  55   9  96  85  23  62  52  21  55   5  23  39  23   3  49  60  91  13  21  75  50  41
  71  81  65  67  61  47  43  87  21  81  85  47  98  22  99  31  74  93  66  72  73  76  12  46  68  29  93  18  76  92  56   7  50  40  46  36  77  80  56  21  80  90  86  91  20  93  94  69  13  34  12  15  67  80   3  62  24  16  62  57  28  28  96   7  14  75   2  69  26  30  88  87  61  72  53  87  48  60  56  58  52  16   1  27  41  69  73  47  60  13  48   3  83  79   2  74  92  23  49  42
  13   1  51  82   5  33  94  33  13  59  98  80  69  39  58  60  70  37  66  95  11  39  18  79  93  22  68  42   7  46  22  80  84  75  20   4  39   6  33  79  83   4  99  23  27  30  27  17  74  54  89   8   4  42  54  66  48  12  60  49  66  38  68  62  29  16  35  52  87  52  10  33  72  88   7  74  83  45  61  51  12  72  17  86  54  97  54  93  77  79   4  37  75  18  52  20  75  62   5  32
  60  62  81  50  29  85  29  28  85  70  34  72  79  19  89  38  69  10  33  47  53  36  92  50  24  34  54  39  93  30  99  51  61  53  18  43  46  43  44  79  70  17  33  42  18   2  12  72  47  11  18  64  88  70  86  34  94  64  70  57  91  17  59  21  82  72   6  75  56  89  92  29  65  25  61  76   7   5  53  99  76  59  54  35  35  48  11  41  63  12  11  67  21  95  87  54   7  92  49  64
  31  30  83  76  90  64  39  42  68  90  53  37  34  45   4   4  86  17  55  25  91  11   2  14  72  18  53  68  10  17  66  80  86  49  88  29  55  31  99  61  62   1  12   2  91  84  40  67  76  96  75  41  35  21  87  93  78  14  90  83  56  74  89  48  74   9  48  93  58  51  92   8  90  53  97  17  10  21  56  76  80  89  93  51  39  32  25  57  10  92   2  23   1  26  69  42  91  49  66  81
  91  75  85  10  96  47  44   6  37  27  59  33  14  74  97  16  40  59  87  10  80  39  52  12  90  56  70  94  73  88  13   9  35  87  59  46  64  56  50  96  16   5  72  94  32  10  40   4  64  51  64   9  43  18  73  80  61  81  73  86  95  23  24  92  62  94  11  53  16  34  79  20  79  81  33  70  31  31  39  81  28  78  62  63  93  71  63  62  41  43  74  55  74  27   1  53  35  36  52  15
  17  13  64  11  48  15  96  23  48  50  78  24  41  43  98  37  65  22  84  91  47  13  85  88  68  53  10  15   6  76  13  73  71   3  99   7  38  89  32  67  62  60  10   6  99  75  13  47  33  66  67   7  89  90  35  31  75  33  84   5  19   9  36  22  26  89  46  47  51  20  25  73  89  31  47   5  94  33  54  63  15  81   4  51  65   2  65  75  33  74  24  52   9  56  82   5  67  41  32  75
  82  45  76  63  91  10  71   4   5   1  91   7  66  24  56  69  66   4  36  72  23  66  89  92   1  67  26  22  22   1  50  39  17  37   3  11  66  23  31  87   1  94   8  55  84  25  48  10  72  78  21  23  62  71  13  60  10  22  57  27  56  90  58  86  31  92  36  46  55  75  36  43  43  54   1  37   7  97  72  22  55  39  10  80  13  35  88  95  42  24  84  25  80  12  81  72  90  36  26  49
  38  49  65  63  84  52  85  34  13  30  84  63  74  24   9  55  76  77  77  42  95  10  28  74  43  41   8  51  52  23  33  54  36   4  63  41  66  85  91  82  22  89   9  88  85   2  39   8  94  97   6  44  57  41  27  86  32  37  93  82  65  34  39  50  13  78  38  73  21  80  64  69  93  23  31  60  29  68  37  51  49  75  64  51   6   8  33  28  79  33  60  29  66  80  37  76  70  90  65  62
  72  92  66  37  28  53   7  41  39  47  56  53  63  64  13  16   9  30  17  15  54  42  93  55  85  99  38  28  51  34  84  11  35   4  72  80  65  82  55  98  40  91  65  34   2  99  74  92  26  52  62  20  69  55  46  30  42  58  68  51  41  82   3  25  14  26  75  47  88  90  60   3  48  81  46  68  67  92  36  41   8  51  69  66  75  41  35  25  46  51  69  46  63  86  91  15   3  96  83  37
  20  36  72  26  67  26  99  81   7  34  53  21  94  30  54  33  65  48  45  15  97  99  98  67  83  75  87  94  89  84  22   6  22  55  10  45  93  61  40  54   4  91  47  97  18  20  48  49  73   1  24  77  89  56  28  19   8  57  93  79  49  83  28  59  97  61  52  40  14  51  99  20  85  12   3  39  99  78  98  98  72   3  86  94   3  97  46  62  82  17  79  88  49  18  56  58  91  47  49  93
   7  90  23  62  19  20  70  16  52  94  67  20  77  35  13  49  10  33  58   9  94  18  78  45  48  39  79  17  89  84  12  89  39  98  72  23  11  18  69   2  78  83  34   1  43  57  50  28  75  95  83  25  72   2  90  73  94  26  82   1  16  21  20  19  69  26  26  93  10  86  80  73  72  89  92  85  64   9   9  24  52  50  57  30  83  88  81   3  27  86  66  29  36  84  17  72  47  48  76  19
   4  85  52  12  19  83  51  69  79   4  66  28  84  86  31  94  38  77  81  65  74  57  50  75  58  79  15  45  13  72  32  98  23  51  98   1  92  65  36   4  64  38  66  37   9  25  69  45  83  42  88  95  58   2  65  65  29  88  86  35  95  31  19  83  38  97   1  26  58  64  88  88  37  81  16  52  50  13  57  59  13  39  64  31  89  12  62  78  37  73  75  44  19  86  75  77  57  21   1  76
  74  35  63  81  55  86  89  74  26  26  91  68  55  98  36  14  70   9   3  46   9  73  88  76  91  28  59  41  34  89  12  46  85  62  35  89  18  80  27  12  41  68  84  56  82  33  98  87  90  39  69  54  15   7  95  39  18  73  39  83  59  55  10  30  30  59  88  75  64  69  34  72  95  72  67  62   7  30  11  99  35  81  56  41  65  67  38  44  90  68   4  69  64  44  36  27  37  65  30  55
  74  40  80  68  75  96  83  75  80  56  96   2  77  38  74  98  11  31  18   4  92  88  55  15  25  63  98  39  24  51  75  94  70  53   4  15  61  31  93  41  98  57  48  45  80  44  51  70  41  48   4  36  98  35  12  92  52  95  70  72   1  11  62  17  12  51   6  31  23  90  73  55  93  55  20  88  99  59  29  54  88  50  33  59  73  38   8  25   2   4  91  35  67  71  39  94   2  52  55  38
  19  21  16  68  40  52  35  91  80  71  65   3  25  43   4  99  72  56  90  88  68  27  65  38  15  84  72  57  82  53  83  60   2  93  26  84  54  26  78  16  58  99  34  18  64  16  83  80  43  76  28  14  87  84  62  95  24  33  43  83  38  31  91  26  12  10  29  58  90  35   6  30  60  88  25  57  59  30   5  33  20  14  99  82  35  72  18  26  66  25  49   9  90  37  43  66  81  97  61  99
  47  15  34   1   3  12  42  33   5  30  63  88  31  12   1  32  28  65  34  49   5  97   2  18   6   5  68  16  33  16  78  72  60  78  48   2  94  69   7   6  35  36  23  83  95  39  44  50  25  17  77  90  93  17  31  53  87  42  64  11  80  47  49  91   9  18  98   9  34  92  55  94  25  46  14  57  21  97  58  80  22  55  80  76  74  76  79   6  83  38  91  91  28   7  60  25   9   3  98  99
  10  38  38  67  91  38  28  50   7  13  84  18  59  91  42  37  83  97   8  23  78  58  76   3  68  35  12  96  21  80  31  57   2  92  24  47  90  66  27   9  43  40  83  11  15  13  26   6  45  32  90   4   1  47  14  89  88   2  20  80  45  79  42  65  80  69  94  11  20  64  35  80  10  63  28  61  11  82  61  19  74  56  19   1  16  26  61   3  64   4  18   5  21   1  44  12   6  11  50  85