10
0;30;19
1;137;172
2;197;1
3;436;396
4;148;227
5;433;195
6;318;258
7;224;407
8;388;398
9;241;20
-1.0;186.70297265978385;167.96725871431016;554.0442220617412;239.14012628582432;439.7556139493844;374.25258850140233;433.7971876349592;521.3492111819102;211.00236965494014;
186.70297265978385;-1.0;181.22085972646747;373.6000535331867;56.089214649520635;296.89223634174067;200.39211561336438;250.5873101336139;337.7528682335651;184.1738309315414;
167.96725871431016;181.22085972646747;-1.0;461.67737653040786;231.25094594401122;305.50286414369344;284.05985284795173;406.8967928111501;440.55646630142655;47.92702786528704;
554.0442220617412;373.6000535331867;461.67737653040786;-1.0;333.92364396670087;201.02238681301145;181.57092278225608;212.2851855405836;48.041648597857254;423.55755216971403;
239.14012628582432;56.089214649520635;231.25094594401122;333.92364396670087;-1.0;286.7908645685912;172.80335644888382;195.386795869117;294.6879705722648;226.93170778892932;
439.7556139493844;296.89223634174067;305.50286414369344;201.02238681301145;286.7908645685912;-1.0;131.12589370524802;297.6995129320839;207.92787210953705;259.7864507629295;
374.25258850140233;200.39211561336438;284.05985284795173;181.57092278225608;172.80335644888382;131.12589370524802;-1.0;176.17321022221284;156.52475842498527;250.14595739287893;
433.7971876349592;250.5873101336139;406.8967928111501;212.2851855405836;195.386795869117;297.6995129320839;176.17321022221284;-1.0;164.24676556937126;387.3732050619919;
521.3492111819102;337.7528682335651;440.55646630142655;48.041648597857254;294.6879705722648;207.92787210953705;156.52475842498527;164.24676556937126;-1.0;405.5773662323873;
211.00236965494014;184.1738309315414;47.92702786528704;423.55755216971403;226.93170778892932;259.7864507629295;250.14595739287893;387.3732050619919;405.5773662323873;-1.0;
