40
0;339;278
1;411;443
2;358;462
3;381;277
4;105;309
5;476;327
6;261;122
7;632;398
8;78;300
9;501;192
10;197;133
11;216;148
12;128;465
13;185;93
14;198;362
15;9;58
16;4;54
17;609;426
18;369;385
19;613;509
20;611;269
21;610;130
22;81;377
23;233;138
24;401;104
25;217;74
26;625;449
27;4;242
28;625;6
29;585;382
30;179;142
31;38;118
32;402;298
33;163;326
34;398;443
35;126;190
36;306;462
37;383;226
38;414;373
39;533;144
-1.0;180.02499826412998;184.97837711473198;42.01190307520001;236.04448733236708;145.49914089093448;174.41330224498358;316.62122480970856;261.92556194461054;183.412104289766;202.9507329378241;178.96647730790255;281.93970986719836;240.7093683262037;164.12495239907915;396.6106403010388;402.9900743194552;307.9025819963191;111.12605455067681;358.381082090001;272.1488563268271;308.7798568559808;276.34217919094436;175.60182231400674;184.71599822430107;237.69728648009425;333.2221481234403;336.92877585626314;394.689751577109;267.0805122055894;209.990475974507;340.8826777646526;66.09841147864296;182.42806801586207;175.231275747225;230.46257830719503;186.93581786270923;68.11754546370561;121.03718436910205;235.77955806218657;
180.02499826412998;-1.0;56.302753041036986;168.68906307167634;334.0538878684096;132.9699214108213;354.31765409022455;225.53491969094276;362.4058498424108;266.6477076593759;376.6908546805988;353.62409420173844;283.8538356267183;416.6245312028566;227.8815481779953;556.6228525671579;563.0008880987667;198.72845795205075;71.61005515987263;212.5088233462319;265.0962089506374;370.9043003255692;336.5352878971238;353.1416146533852;339.1474605536654;416.8896736547932;214.0840956259946;453.9273069556402;486.58503881644367;184.3827540742355;380.0328933131973;494.7261868953371;145.27904184706065;274.21342053225624;13.0;381.09578848368295;106.70520137275409;218.79899451322896;70.06425622241343;322.9318813619987;
184.97837711473198;56.302753041036986;-1.0;186.4242473499625;295.6653513687392;179.30142219179413;353.5661182862408;281.37519435799595;323.4872485894923;305.5306858565928;366.2813126546316;344.61572802180694;230.0195643852931;407.54140893901814;188.67962264113208;533.8698343229369;540.1666409544373;253.56853117056934;77.78174593052023;259.2951985671929;318.2106220728654;416.8069097315926;289.74816651706357;347.2765468614315;360.5731548521049;412.82562904936026;267.31629205867716;416.7925143281727;528.4174486142562;240.68444071023785;366.6619696668854;469.82549952083275;169.799882214329;237.7414562082095;44.28317965096906;357.5024475440693;52.0;237.32045845227924;105.152270541344;362.97245074523215;
42.01190307520001;168.68906307167634;186.4242473499625;-1.0;277.8488797889961;107.35455276791944;196.02295783912658;278.6431409527247;303.87168344549644;147.05441169852742;233.64930986416374;209.44211610848473;315.2031091217217;268.83452159274486;201.77710474679728;431.6769625541766;438.01598144359986;272.3692346796899;108.664621657649;328.09754647055803;230.13908837917995;272.12129648375554;316.22776601683796;203.03940504246953;174.15223225672418;260.969346858975;298.52973051272465;378.6211827143326;364.6601157242179;229.43626565998673;242.9588442514493;378.06084166440723;29.698484809834994;223.4390297150433;166.86821147240718;269.4327374318125;199.6246477767713;51.03920062069938;101.51354589413178;201.97277044195835;
236.04448733236708;334.0538878684096;295.6653513687392;277.8488797889961;-1.0;371.43640101637857;243.52617929085162;534.4623466625128;28.460498941515414;412.9225108903606;198.59506539690256;195.5556186868585;157.68639763784319;230.3388807822075;107.0420478129973;268.7322087134328;274.2735860413831;517.4021646649732;274.7216773390844;545.9523788756671;507.57856534727705;535.7854048030797;72.11102550927978;213.60009363293827;360.0569399414487;260.3247971285102;538.5164807134504;121.2023102090055;601.8380180746311;485.51930960570456;182.6608879864543;202.41047403728888;297.2036338943385;60.440052945046304;322.18783341398847;120.83873551142449;252.6064132202506;290.12583476829496;315.5582355128764;458.70360800848295;
145.49914089093448;132.9699214108213;179.30142219179413;107.35455276791944;371.43640101637857;-1.0;297.06901555025894;171.39719951037708;398.91477786615025;137.2953021774598;339.8190695061123;315.6596268134397;374.3634597553559;373.41264038594085;280.19457525084243;538.9341332667657;545.2641561665318;165.8010856418015;121.70866854912184;227.80035118497952;146.93195704134618;238.2540660723338;398.1519810323691;307.8473647767673;235.27430798963155;362.0635303368733;192.57466084612483;479.59253538811464;353.8954647915116;122.09013064126027;349.90570158258356;485.3091798019073;79.47955712005447;313.0015974400131;139.7855500400524;375.85768583334834;217.0829334609241;137.2953021774598;77.20103626247513;191.67159413955946;
174.41330224498358;354.31765409022455;353.5661182862408;196.02295783912658;243.52617929085162;297.06901555025894;-1.0;462.4035034469354;255.29003114105336;250.0;64.93843238021688;51.97114584074513;367.88313361718554;81.34494452638098;248.13101378102658;260.0;265.84393918237066;462.0822437618654;284.31144894288025;523.1376491899622;379.61691216277495;349.09167850293994;312.1297807002722;32.2490309931942;141.1523999087511;65.11528238439882;489.3107397145499;283.6353292521931;382.03664745675906;415.42267631895106;84.40379138403677;223.03587155433092;225.51496624392803;226.3183598385248;349.0128937446294;151.15885683611134;342.96501279285036;160.31219541881399;293.9557789872484;272.888255518628;
316.62122480970856;225.53491969094276;281.37519435799595;278.6431409527247;534.4623466625128;171.39719951037708;462.4035034469354;-1.0;562.6011020252271;244.12496799794977;509.36234646860186;485.3411171536984;508.43386983952985;541.1413863307814;435.49052802558174;709.7386843057099;716.0446913426564;36.235341863986875;263.32109676210905;112.61438629233834;130.6981254647518;268.9014689435519;551.4000362713082;476.2362858917829;373.89437011006197;526.4988129141414;51.478150704935004;647.0857748397812;392.0624950183325;49.64876634922564;520.331625023888;656.6856173238455;250.79872407968904;474.4944678286566;238.28764130772709;547.0831746635972;332.2228167961978;302.63013729633735;219.4288039433292;272.61144510089815;
261.92556194461054;362.4058498424108;323.4872485894923;303.87168344549644;28.460498941515414;398.91477786615025;255.29003114105336;562.6011020252271;-1.0;436.5695820828565;205.0609665440988;205.2997808084558;172.40939649566667;233.01931250435015;135.07035203922436;251.6445906432324;256.8890811225732;545.7444456886392;303.1600237498341;574.3744423283473;533.9007398384085;558.5015666943111;77.05841939723393;224.20749318432692;377.8160928282436;265.32432983049256;566.9303308167591;94.02127418834527;621.003220603565;513.5883565658396;187.52333188166213;186.34376834227646;324.0061727807049;88.88756943465155;350.49821682855963;120.01666550941998;279.69268849936;313.84868965793055;343.8386249390839;481.0;
183.412104289766;266.6477076593759;305.5306858565928;147.05441169852742;412.9225108903606;137.2953021774598;250.0;244.12496799794977;436.5695820828565;-1.0;309.67240755353066;288.37649002649295;462.23154370942706;331.14498335321343;347.4320077367657;509.9215625956604;515.8032570661027;257.72077913897436;233.82258231402716;336.2038072360276;134.27211177307072;125.39936203984452;458.93899376714546;273.38617375427015;133.2066064427737;307.5386154615384;285.3506614676055;499.50875868196744;223.54417907876734;207.74022239325728;325.8588651548397;468.87631631380145;145.04137340772803;363.59317925395686;271.31162894354526;375.0053332954079;333.0540496676178;122.80065146407001;200.8233054204616;57.688820407423826;
202.9507329378241;376.6908546805988;366.2813126546316;233.64930986416374;198.59506539690256;339.8190695061123;64.93843238021688;509.36234646860186;205.0609665440988;309.67240755353066;-1.0;24.20743687382041;339.09438214160963;41.7612260356422;229.00218339570478;202.4080037943164;208.54256160314134;505.5620634501762;305.1032612083981;560.7423650840018;435.7659922481331;413.01089574005186;270.1703166522925;36.345563690772494;206.0509645694482;62.297672508690084;532.0150373814635;221.65288177689007;446.4448454176619;461.02602963390257;20.12461179749811;159.70597985047397;263.1539473388153;195.97193676646665;369.4604173656496;91.0494371207203;346.5862086119412;207.95432190748045;323.55679563254427;336.1800113034682;
178.96647730790255;353.62409420173844;344.61572802180694;209.44211610848473;195.5556186868585;315.6596268134397;51.97114584074513;485.3411171536984;205.2997808084558;288.37649002649295;24.20743687382041;-1.0;328.9878417206326;63.13477647065839;214.75567512873786;225.71885167172013;231.9051530259731;481.3865390722927;282.0957284327432;536.5910919871853;413.1174167231394;394.4109531947611;265.83077323741134;19.72308292331602;190.16045856065872;74.00675644831355;507.82083454698864;231.9051530259731;432.9491887046331;436.9404993817808;37.48332962798263;180.5103875127412;238.94769302087852;185.72291188757515;346.62515777133086;99.31767214348109;326.6435365960882;184.31766057543157;299.7148644962408;317.02523558858843;
281.93970986719836;283.8538356267183;230.0195643852931;315.2031091217217;157.68639763784319;374.3634597553559;367.88313361718554;508.43386983952985;172.40939649566667;462.23154370942706;339.09438214160963;328.9878417206326;-1.0;376.3416001453998;124.53513560437472;424.04009244409895;429.29826461331055;482.57849102503525;253.9310930154084;486.9917863783742;521.253297351681;586.9829639776609;99.76472322419383;343.44431863112834;452.6035793053343;401.00124688085447;497.2574785762402;255.15681452785068;676.5279003854904;464.47604889811055;327.00152904841286;358.48151974683435;320.8815981012311;143.33875958721003;270.89481353470023;275.00727263110696;178.02527910383964;349.4939198326632;300.4330208216134;516.7842876868452;
240.7093683262037;416.6245312028566;407.54140893901814;268.83452159274486;230.3388807822075;373.41264038594085;81.34494452638098;541.1413863307814;233.01931250435015;331.14498335321343;41.7612260356422;63.13477647065839;376.3416001453998;-1.0;269.31394319641157;179.44637081869334;185.15398996510984;539.1335641564157;345.1376536977674;596.858442178713;460.92515661439006;426.6075479876089;302.4433831314549;65.79513659838392;216.27991122617004;37.21558813185679;565.9823318797152;234.4397577204003;448.5186729669123;493.4784696417869;49.36598018878993;149.11069713471264;298.5196810932237;234.0363219673391;409.71819583709;113.53413583587978;388.3323319014269;238.52253562294695;361.7195045888457;351.71721595622813;
164.12495239907915;227.8815481779953;188.67962264113208;201.77710474679728;107.0420478129973;280.19457525084243;248.13101378102658;435.49052802558174;135.07035203922436;347.4320077367657;229.00218339570478;214.75567512873786;124.53513560437472;269.31394319641157;-1.0;357.96228851654195;364.0054944640259;415.9531223587581;172.53985046939155;440.26582878983464;423.3414697380827;472.8297790960294;117.957619508025;226.71788636982305;328.28798333170835;288.62605564986677;435.7728766226737;228.114006584427;555.9361474126323;387.51645126368504;220.81893034792103;291.78073959739015;213.80364823828427;50.20956084253277;215.77998053572995;186.46179233290664;147.18695594379278;229.6105398277701;216.27991122617004;399.6861268545607;
396.6106403010388;556.6228525671579;533.8698343229369;431.6769625541766;268.7322087134328;538.9341332667657;260.0;709.7386843057099;251.6445906432324;509.9215625956604;202.4080037943164;225.71885167172013;424.04009244409895;179.44637081869334;357.96228851654195;-1.0;6.4031242374328485;703.8636231543721;486.3424719269334;753.8016980612341;637.9067329947223;605.2974475412894;327.0244639166923;237.8570999570961;394.689751577109;208.61447696648477;729.6142816584664;184.06792224611002;618.1909090240651;660.8721510246895;189.62067397834025;66.64082832618455;460.4877848542782;309.0954545120326;547.3079571868109;176.3887751530692;501.42297514174595;410.0;513.078941294612;531.0103577144235;
402.9900743194552;563.0008880987667;540.1666409544373;438.01598144359986;274.2735860413831;545.2641561665318;265.84393918237066;716.0446913426564;256.8890811225732;515.8032570661027;208.54256160314134;231.9051530259731;429.29826461331055;185.15398996510984;364.0054944640259;6.4031242374328485;-1.0;710.2175722973911;492.73319352363507;760.2012891333453;643.9518615548836;610.7470834969251;332.05120087119093;243.92006887503126;400.13622680282276;213.9369065869655;735.9796192830343;188.0;622.8523099419316;667.1918764493464;195.88006534611938;72.47068372797375;466.84044383493597;315.06348566598444;553.6758979764245;182.70194306574848;507.61008658221124;416.20307543313515;519.481472239386;536.6013417799102;
307.9025819963191;198.72845795205075;253.56853117056934;272.3692346796899;517.4021646649732;165.8010856418015;462.0822437618654;36.235341863986875;545.7444456886392;257.72077913897436;505.5620634501762;481.3865390722927;482.57849102503525;539.1335641564157;415.9531223587581;703.8636231543721;710.2175722973911;-1.0;243.47689828811275;83.09632964216891;157.01273833673497;296.00168918436935;530.2687997610269;473.6243236997019;383.3379709864391;526.8472264328626;28.0178514522438;632.3614472752114;420.3046514137097;50.11985634456667;515.3212590219814;648.771916778154;243.37830634631345;457.07329827938975;211.68372634664195;537.5732508226205;305.1311193569086;301.7880050631569;202.07424378183381;292.0616373302047;
111.12605455067681;71.61005515987263;77.78174593052023;108.664621657649;274.7216773390844;121.70866854912184;284.31144894288025;263.32109676210905;303.1600237498341;233.82258231402716;305.1032612083981;282.0957284327432;253.9310930154084;345.1376536977674;172.53985046939155;486.3424719269334;492.73319352363507;243.47689828811275;-1.0;273.70056631289606;268.36542251191753;350.86464626690446;288.1110896859057;281.966310044303;282.81619472724685;346.1574786134195;263.8787600395303;392.01275489453144;457.3587213555679;216.0208323287363;308.4623153644542;425.26462349929835;93.04837451562494;214.28252378577213;64.8459713474939;311.5670072392133;99.48869282486326;159.6151621870554;46.57252408878007;291.50814739900494;
358.381082090001;212.5088233462319;259.2951985671929;328.09754647055803;545.9523788756671;227.80035118497952;523.1376491899622;112.61438629233834;574.3744423283473;336.2038072360276;560.7423650840018;536.5910919871853;486.9917863783742;596.858442178713;440.26582878983464;753.8016980612341;760.2012891333453;83.09632964216891;273.70056631289606;-1.0;240.00833318866242;379.0118731649445;548.1313711146262;531.0753242243514;457.1312721746348;588.2524968072809;61.18823416311342;664.9586453306702;503.14312079168883;130.04999038831184;568.3704777695618;695.3459570602248;298.3990616607231;485.7869903568847;224.90220096744272;582.176949045563;310.57688259109045;364.67656903069604;241.03319273494262;373.6642878306676;
272.1488563268271;265.0962089506374;318.2106220728654;230.13908837917995;507.57856534727705;146.93195704134618;379.61691216277495;130.6981254647518;533.9007398384085;134.27211177307072;435.7659922481331;413.1174167231394;521.253297351681;460.92515661439006;423.3414697380827;637.9067329947223;643.9518615548836;157.01273833673497;268.36542251191753;240.00833318866242;-1.0;139.00359707575916;540.8918561043419;400.05624604547796;267.0674072214728;439.61460394304464;180.54362353736008;607.6001974983221;263.3723599772763;115.95257651298655;450.28102336207775;592.5622330186088;211.00236965494014;451.6115587537591;275.0363612324741;491.39190062515274;360.9348971767623;232.01939574095957;222.76669409945464;147.33974345029924;
308.7798568559808;370.9043003255692;416.8069097315926;272.12129648375554;535.7854048030797;238.2540660723338;349.09167850293994;268.9014689435519;558.5015666943111;125.39936203984452;413.01089574005186;394.4109531947611;586.9829639776609;426.6075479876089;472.8297790960294;605.2974475412894;610.7470834969251;296.00168918436935;350.86464626690446;379.0118731649445;139.00359707575916;-1.0;583.8236034968096;377.0848710834207;210.61101585624624;396.9697721489635;319.35246985110354;616.2629308988169;124.90396310766124;253.23704310388715;431.16702100230253;572.1258602790124;267.37239947309445;488.082984747471;378.038357842164;487.70482876428446;450.15552867870014;246.46500765828807;312.1938500355188;78.26237921249263;
276.34217919094436;336.5352878971238;289.74816651706357;316.22776601683796;72.11102550927978;398.1519810323691;312.1297807002722;551.4000362713082;77.05841939723393;458.93899376714546;270.1703166522925;265.83077323741134;99.76472322419383;302.4433831314549;117.957619508025;327.0244639166923;332.05120087119093;530.2687997610269;288.1110896859057;548.1313711146262;540.8918561043419;583.8236034968096;-1.0;283.24018076537095;420.6292904684599;332.12196554880256;548.7440204685605;155.4155719353759;658.4656407133177;504.0248009770948;254.61539623518448;262.54523419784255;330.57828119826627;96.56603957913983;323.79777639755343;192.33824372703418;240.52026941611388;337.64626460246825;333.02402315748935;508.520402737196;
175.60182231400674;353.1416146533852;347.2765468614315;203.03940504246953;213.60009363293827;307.8473647767673;32.2490309931942;476.2362858917829;224.20749318432692;273.38617375427015;36.345563690772494;19.72308292331602;343.44431863112834;65.79513659838392;226.71788636982305;237.8570999570961;243.92006887503126;473.6243236997019;281.966310044303;531.0753242243514;400.05624604547796;377.0848710834207;283.24018076537095;-1.0;171.40595088852663;65.96969000988257;500.38485188902354;251.5094431626773;413.62785206027894;428.2989610073786;54.147945482723536;196.02295783912658;232.72515979154468;200.60907257649143;346.77081768799405;118.9663818059539;332.12196554880256;173.90802166662698;296.62434155004877;300.0599940011997;
184.71599822430107;339.1474605536654;360.5731548521049;174.15223225672418;360.0569399414487;235.27430798963155;141.1523999087511;373.89437011006197;377.8160928282436;133.2066064427737;206.0509645694482;190.16045856065872;452.6035793053343;216.27991122617004;328.28798333170835;394.689751577109;400.13622680282276;383.3379709864391;282.81619472724685;457.1312721746348;267.0674072214728;210.61101585624624;420.6292904684599;171.40595088852663;-1.0;186.4296113818832;411.34049156386243;420.30108255868197;244.49948875202173;333.3766638503661;225.22877258467668;363.2698721336522;194.0025773024678;325.46582001801664;339.01327407639957;288.1336495447902;370.3903346471125;123.32072007574396;269.31394319641157;137.92751719653333;
237.69728648009425;416.8896736547932;412.82562904936026;260.969346858975;260.3247971285102;362.0635303368733;65.11528238439882;526.4988129141414;265.32432983049256;307.5386154615384;62.297672508690084;74.00675644831355;401.00124688085447;37.21558813185679;288.62605564986677;208.61447696648477;213.9369065869655;526.8472264328626;346.1574786134195;588.2524968072809;439.61460394304464;396.9697721489635;332.12196554880256;65.96969000988257;186.4296113818832;-1.0;554.156115187769;271.28029784707917;413.62785206027894;479.8833191516454;77.89736837660179;184.32851108821987;290.51850199255813;257.72077913897436;411.0012165432117;147.4347313220328;398.07662578955825;225.07776433935007;358.06424004639166;323.66031576330147;
333.2221481234403;214.0840956259946;267.31629205867716;298.52973051272465;538.5164807134504;192.57466084612483;489.3107397145499;51.478150704935004;566.9303308167591;285.3506614676055;532.0150373814635;507.82083454698864;497.2574785762402;565.9823318797152;435.7728766226737;729.6142816584664;735.9796192830343;28.0178514522438;263.8787600395303;61.18823416311342;180.54362353736008;319.35246985110354;548.7440204685605;500.38485188902354;411.34049156386243;554.156115187769;-1.0;654.5914756548545;443.0;78.03204469959762;541.4471350002694;673.8916826909203;269.31394319641157;478.0930871702706;227.07928130941406;562.2117038980957;319.2647803939545;329.07901786653;224.26992665089986;318.5733824411575;
336.92877585626314;453.9273069556402;416.7925143281727;378.6211827143326;121.2023102090055;479.59253538811464;283.6353292521931;647.0857748397812;94.02127418834527;499.50875868196744;221.65288177689007;231.9051530259731;255.15681452785068;234.4397577204003;228.114006584427;184.06792224611002;188.0;632.3614472752114;392.01275489453144;664.9586453306702;607.6001974983221;616.2629308988169;155.4155719353759;251.5094431626773;420.30108255868197;271.28029784707917;654.5914756548545;-1.0;664.3319953155952;597.6294838777618;201.55644370746373;128.57682528356344;401.9203901271992;179.82491484774852;442.3087157178796;132.61975720080324;373.63618668431997;379.3375805268969;430.4195627524381;538.0009293672271;
394.689751577109;486.58503881644367;528.4174486142562;364.6601157242179;601.8380180746311;353.8954647915116;382.03664745675906;392.0624950183325;621.003220603565;223.54417907876734;446.4448454176619;432.9491887046331;676.5279003854904;448.5186729669123;555.9361474126323;618.1909090240651;622.8523099419316;420.3046514137097;457.3587213555679;503.14312079168883;263.3723599772763;124.90396310766124;658.4656407133177;413.62785206027894;244.49948875202173;413.62785206027894;443.0;664.3319953155952;-1.0;378.12167353908717;466.27459720641014;597.5893238671521;367.41393550054687;562.0;492.44085939328795;531.8430219529067;556.5042677284695;327.0535124410071;423.3320209953412;165.8553586713435;
267.0805122055894;184.3827540742355;240.68444071023785;229.43626565998673;485.51930960570456;122.09013064126027;415.42267631895106;49.64876634922564;513.5883565658396;207.74022239325728;461.02602963390257;436.9404993817808;464.47604889811055;493.4784696417869;387.51645126368504;660.8721510246895;667.1918764493464;50.11985634456667;216.0208323287363;130.04999038831184;115.95257651298655;253.23704310388715;504.0248009770948;428.2989610073786;333.3766638503661;479.8833191516454;78.03204469959762;597.6294838777618;378.12167353908717;-1.0;471.6312118594358;607.3755016462221;201.357890334598;425.6994244769424;196.69773765857096;497.53894319942435;290.2430016382824;255.22539058643832;171.23667831396403;243.61444948935193;
209.990475974507;380.0328933131973;366.6619696668854;242.9588442514493;182.6608879864543;349.90570158258356;84.40379138403677;520.331625023888;187.52333188166213;325.8588651548397;20.12461179749811;37.48332962798263;327.00152904841286;49.36598018878993;220.81893034792103;189.62067397834025;195.88006534611938;515.3212590219814;308.4623153644542;568.3704777695618;450.28102336207775;431.16702100230253;254.61539623518448;54.147945482723536;225.22877258467668;77.89736837660179;541.4471350002694;201.55644370746373;466.27459720641014;471.6312118594358;-1.0;143.02796929272262;272.1488563268271;184.69434208984313;372.2391704267567;71.50524456289902;344.28040896920055;220.61731573020282;329.5238989815458;354.00564967243105;
340.8826777646526;494.7261868953371;469.82549952083275;378.06084166440723;202.41047403728888;485.3091798019073;223.03587155433092;656.6856173238455;186.34376834227646;468.87631631380145;159.70597985047397;180.5103875127412;358.48151974683435;149.11069713471264;291.78073959739015;66.64082832618455;72.47068372797375;648.771916778154;425.26462349929835;695.3459570602248;592.5622330186088;572.1258602790124;262.54523419784255;196.02295783912658;363.2698721336522;184.32851108821987;673.8916826909203;128.57682528356344;597.5893238671521;607.3755016462221;143.02796929272262;-1.0;406.0738849027354;242.6705585768492;485.0;113.70136322841516;436.07338831898466;361.5093359790311;454.31376822632177;495.68235796727726;
66.09841147864296;145.27904184706065;169.799882214329;29.698484809834994;297.2036338943385;79.47955712005447;225.51496624392803;250.79872407968904;324.0061727807049;145.04137340772803;263.1539473388153;238.94769302087852;320.8815981012311;298.5196810932237;213.80364823828427;460.4877848542782;466.84044383493597;243.37830634631345;93.04837451562494;298.3990616607231;211.00236965494014;267.37239947309445;330.57828119826627;232.72515979154468;194.0025773024678;290.51850199255813;269.31394319641157;401.9203901271992;367.41393550054687;201.357890334598;272.1488563268271;406.0738849027354;-1.0;240.63457773146402;145.0551619212498;296.37813684548325;190.03157632351525;74.46475676452586;75.95393340703298;202.18061232472317;
182.42806801586207;274.21342053225624;237.7414562082095;223.4390297150433;60.440052945046304;313.0015974400131;226.3183598385248;474.4944678286566;88.88756943465155;363.59317925395686;195.97193676646665;185.72291188757515;143.33875958721003;234.0363219673391;50.20956084253277;309.0954545120326;315.06348566598444;457.07329827938975;214.28252378577213;485.7869903568847;451.6115587537591;488.082984747471;96.56603957913983;200.60907257649143;325.46582001801664;257.72077913897436;478.0930871702706;179.82491484774852;562.0;425.6994244769424;184.69434208984313;242.6705585768492;240.63457773146402;-1.0;262.5147614897113;140.9432509913121;197.3448757885545;241.66091947189145;255.36248745655655;412.33966580963323;
175.231275747225;13.0;44.28317965096906;166.86821147240718;322.18783341398847;139.7855500400524;349.0128937446294;238.28764130772709;350.49821682855963;271.31162894354526;369.4604173656496;346.62515777133086;270.89481353470023;409.71819583709;215.77998053572995;547.3079571868109;553.6758979764245;211.68372634664195;64.8459713474939;224.90220096744272;275.0363612324741;378.038357842164;323.79777639755343;346.77081768799405;339.01327407639957;411.0012165432117;227.07928130941406;442.3087157178796;492.44085939328795;196.69773765857096;372.2391704267567;485.0;145.0551619212498;262.5147614897113;-1.0;371.47409061736727;93.94147114027967;217.51781536232843;71.80529228406496;328.0640181428009;
230.46257830719503;381.09578848368295;357.5024475440693;269.4327374318125;120.83873551142449;375.85768583334834;151.15885683611134;547.0831746635972;120.01666550941998;375.0053332954079;91.0494371207203;99.31767214348109;275.00727263110696;113.53413583587978;186.46179233290664;176.3887751530692;182.70194306574848;537.5732508226205;311.5670072392133;582.176949045563;491.39190062515274;487.70482876428446;192.33824372703418;118.9663818059539;288.1336495447902;147.4347313220328;562.2117038980957;132.61975720080324;531.8430219529067;497.53894319942435;71.50524456289902;113.70136322841516;296.37813684548325;140.9432509913121;371.47409061736727;-1.0;326.165602110339;259.50915205441214;341.2228011138763;409.59125967237145;
186.93581786270923;106.70520137275409;52.0;199.6246477767713;252.6064132202506;217.0829334609241;342.96501279285036;332.2228167961978;279.69268849936;333.0540496676178;346.5862086119412;326.6435365960882;178.02527910383964;388.3323319014269;147.18695594379278;501.42297514174595;507.61008658221124;305.1311193569086;99.48869282486326;310.57688259109045;360.9348971767623;450.15552867870014;240.52026941611388;332.12196554880256;370.3903346471125;398.07662578955825;319.2647803939545;373.63618668431997;556.5042677284695;290.2430016382824;344.28040896920055;436.07338831898466;190.03157632351525;197.3448757885545;93.94147114027967;326.165602110339;-1.0;248.2438317461282;139.94641831786907;390.7083311115851;
68.11754546370561;218.79899451322896;237.32045845227924;51.03920062069938;290.12583476829496;137.2953021774598;160.31219541881399;302.63013729633735;313.84868965793055;122.80065146407001;207.95432190748045;184.31766057543157;349.4939198326632;238.52253562294695;229.6105398277701;410.0;416.20307543313515;301.7880050631569;159.6151621870554;364.67656903069604;232.01939574095957;246.46500765828807;337.64626460246825;173.90802166662698;123.32072007574396;225.07776433935007;329.07901786653;379.3375805268969;327.0535124410071;255.22539058643832;220.61731573020282;361.5093359790311;74.46475676452586;241.66091947189145;217.51781536232843;259.50915205441214;248.2438317461282;-1.0;150.23315213360866;170.95028517086482;
121.03718436910205;70.06425622241343;105.152270541344;101.51354589413178;315.5582355128764;77.20103626247513;293.9557789872484;219.4288039433292;343.8386249390839;200.8233054204616;323.55679563254427;299.7148644962408;300.4330208216134;361.7195045888457;216.27991122617004;513.078941294612;519.481472239386;202.07424378183381;46.57252408878007;241.03319273494262;222.76669409945464;312.1938500355188;333.02402315748935;296.62434155004877;269.31394319641157;358.06424004639166;224.26992665089986;430.4195627524381;423.3320209953412;171.23667831396403;329.5238989815458;454.31376822632177;75.95393340703298;255.36248745655655;71.80529228406496;341.2228011138763;139.94641831786907;150.23315213360866;-1.0;258.0736329034797;
235.77955806218657;322.9318813619987;362.97245074523215;201.97277044195835;458.70360800848295;191.67159413955946;272.888255518628;272.61144510089815;481.0;57.688820407423826;336.1800113034682;317.02523558858843;516.7842876868452;351.71721595622813;399.6861268545607;531.0103577144235;536.6013417799102;292.0616373302047;291.50814739900494;373.6642878306676;147.33974345029924;78.26237921249263;508.520402737196;300.0599940011997;137.92751719653333;323.66031576330147;318.5733824411575;538.0009293672271;165.8553586713435;243.61444948935193;354.00564967243105;495.68235796727726;202.18061232472317;412.33966580963323;328.0640181428009;409.59125967237145;390.7083311115851;170.95028517086482;258.0736329034797;-1.0;
